classic:0   0   0   0   0   0   -7.2   -7.2   -7.2   -9.6
club:0   0   8   5.6   5.6   5.6   3.2   0   0   0
dance:9.6   7.2   2.4   0   0   -5.6   -7.2   -7.2   0   0
bass:-8   9.6   9.6   5.6   1.6   -4   -8   -10.3   -11.2   -11.2
high_and_low:7.2   5.6   0   -7.2   -4.8   1.6   8   11.2   12   12
high:-9.6   -9.6   -9.6   -4   2.4   11.2   16   16   16   16.7
headphones:4.8   11.2   5.6   -3.2   -2.4   1.6   4.8   9.6   12.8   14.4
room:10.3   10.3   5.6   5.6   0   -4.8   -4.8   -4.8   0   0
live:-4.8   0   4   5.6   5.6   5.6   1   2.1   2.1   2.1
party:7.2   7.2   0   0   0   0   0   0   7.2   7.2
pop:-1.6   4.8   7.2   8   5.6   0   -2.1   -2.1   -1.6   -1.6
raggae:0   0   0   -5.6   0   6.4   6.4   0   0   0
rock:8   4.8   -5.6   -8   -3.2   4   8.8   11.2   11.2   11.2
ska:-2.4   -4.8   -4   0   4   5.6   8.8   9.6   11.2   9.6
melodic:4.8   1.6   0   -2.4   0   4   8   9.6   11.2   12
melodic_rock:4   4   2.4   0   -4   -5.6   -3.2   0   2.4   8.8
techno:8   5.6   0   -5.6   -4.8   0   8   9.6   9.6   8.8